# unix_time, cycles_done, cur_path, paths_total, pending_total, pending_favs, map_size, unique_crashes, unique_hangs, max_depth, execs_per_sec
1592287599, 0, 0, 3, 3, 2, 0.25%, 0, 0, 1, 14.80
1592287605, 0, 0, 5, 5, 2, 0.25%, 0, 0, 2, 11.63
1592287610, 0, 0, 7, 7, 2, 0.25%, 0, 0, 2, 11.39
1592287615, 0, 0, 12, 12, 2, 0.25%, 0, 0, 2, 12.95
1592287620, 0, 0, 14, 14, 2, 0.25%, 0, 0, 2, 13.98
1592287625, 0, 0, 18, 18, 2, 0.26%, 0, 0, 2, 14.93
1592287630, 0, 0, 20, 20, 2, 0.26%, 0, 0, 2, 15.17
1592287635, 0, 0, 22, 22, 2, 0.26%, 0, 0, 2, 15.65
1592287640, 0, 0, 24, 24, 2, 0.26%, 0, 0, 2, 13.69
1592287645, 0, 0, 25, 25, 2, 0.26%, 0, 0, 2, 12.68
1592287656, 0, 0, 29, 29, 2, 0.27%, 0, 0, 2, 14.00
1592287661, 0, 0, 30, 30, 2, 0.27%, 0, 0, 2, 16.04
1592287681, 0, 0, 31, 31, 2, 0.27%, 0, 0, 2, 16.53
1592287707, 0, 0, 32, 32, 2, 0.28%, 0, 0, 2, 16.85
1592287819, 0, 0, 33, 33, 2, 0.28%, 0, 0, 2, 11.56
1592287829, 0, 0, 34, 34, 2, 0.28%, 0, 0, 2, 15.76
1592287834, 0, 0, 35, 35, 2, 0.28%, 0, 0, 2, 15.49
1592287839, 0, 0, 36, 36, 2, 0.28%, 0, 0, 2, 15.98
1592287855, 0, 0, 37, 37, 2, 0.28%, 0, 0, 2, 15.64
1592288019, 0, 0, 38, 38, 2, 0.28%, 0, 0, 2, 13.61
1592288085, 0, 0, 39, 39, 2, 0.28%, 0, 0, 2, 16.59
1592288239, 0, 0, 43, 43, 2, 0.28%, 0, 0, 2, 15.31
1592288245, 0, 0, 46, 46, 2, 0.28%, 0, 0, 2, 15.30
1592288250, 0, 0, 47, 47, 2, 0.28%, 0, 0, 2, 14.60
1592288265, 0, 0, 52, 52, 2, 0.28%, 0, 0, 2, 16.29
1592288270, 0, 0, 58, 58, 2, 0.29%, 0, 0, 2, 16.00
1592288276, 0, 0, 60, 60, 2, 0.29%, 0, 0, 2, 15.00
1592288281, 0, 0, 64, 64, 2, 0.29%, 0, 0, 2, 10.74
1592288286, 0, 0, 69, 69, 2, 0.29%, 0, 0, 2, 14.63
1592288291, 0, 0, 71, 71, 2, 0.29%, 0, 0, 2, 14.46
1592288758, 0, 0, 72, 72, 2, 0.29%, 0, 0, 2, 16.20
1592288779, 0, 0, 77, 77, 2, 0.30%, 0, 0, 2, 16.42
1592288784, 0, 0, 81, 81, 2, 0.30%, 0, 0, 2, 16.53
1592288789, 0, 0, 85, 85, 2, 0.30%, 2, 0, 2, 16.36
1592288794, 0, 0, 88, 88, 2, 0.31%, 3, 0, 2, 16.48
1592288799, 0, 0, 89, 89, 2, 0.31%, 3, 0, 2, 16.29
1592288804, 0, 0, 94, 94, 2, 0.31%, 3, 0, 2, 16.48
1592288809, 0, 0, 96, 96, 2, 0.31%, 4, 0, 2, 15.94
1592288814, 0, 0, 99, 99, 2, 0.31%, 4, 0, 2, 16.36
1592288819, 0, 0, 101, 101, 2, 0.31%, 7, 0, 2, 15.84
1592288824, 0, 0, 104, 104, 2, 0.31%, 7, 0, 2, 16.27
1592288829, 0, 0, 107, 107, 2, 0.31%, 8, 0, 2, 16.07
1592288835, 0, 0, 109, 109, 2, 0.31%, 8, 0, 2, 16.47
1592288840, 0, 0, 110, 110, 2, 0.31%, 8, 0, 2, 16.38
1592288845, 0, 0, 111, 111, 2, 0.31%, 8, 0, 2, 16.03
1592288850, 0, 0, 113, 113, 2, 0.31%, 8, 0, 2, 16.20
1592288855, 0, 0, 114, 114, 2, 0.31%, 8, 0, 2, 16.44
1592288866, 0, 0, 116, 116, 2, 0.31%, 8, 0, 2, 16.46
1592288876, 0, 0, 117, 117, 2, 0.31%, 8, 0, 2, 16.40
1592288891, 0, 0, 117, 117, 2, 0.31%, 9, 0, 2, 16.59
1592288896, 0, 0, 117, 117, 2, 0.31%, 10, 0, 2, 16.93
1592288901, 0, 0, 118, 118, 2, 0.31%, 10, 0, 2, 16.83
1592288906, 0, 0, 118, 118, 2, 0.31%, 11, 0, 2, 16.99
1592288911, 0, 0, 119, 119, 2, 0.31%, 11, 0, 2, 16.98
1592288916, 0, 0, 120, 120, 2, 0.31%, 11, 0, 2, 17.13
1592288922, 0, 0, 121, 121, 2, 0.31%, 11, 0, 2, 16.76
1592288932, 0, 0, 121, 121, 2, 0.31%, 12, 0, 2, 16.95
1592288937, 0, 0, 122, 122, 2, 0.31%, 12, 0, 2, 16.85
1592288942, 0, 0, 123, 123, 2, 0.31%, 12, 0, 2, 16.74
1592288947, 0, 0, 124, 124, 2, 0.31%, 12, 0, 2, 17.08
1592288952, 0, 0, 124, 124, 2, 0.31%, 14, 0, 2, 16.49
1592288957, 0, 0, 125, 125, 2, 0.31%, 15, 0, 2, 17.01
1592288962, 0, 0, 125, 125, 2, 0.31%, 16, 0, 2, 17.00
1592288978, 0, 0, 126, 126, 2, 0.32%, 16, 0, 2, 17.08
1592288998, 0, 1, 126, 125, 23, 0.32%, 16, 0, 2, 17.00
1592289008, 0, 1, 127, 126, 23, 0.32%, 16, 0, 2, 16.92
1592289013, 0, 1, 128, 127, 23, 0.32%, 16, 0, 2, 16.76
1592289019, 0, 1, 129, 128, 23, 0.32%, 16, 0, 2, 17.02
1592289167, 0, 1, 130, 129, 23, 0.32%, 16, 0, 2, 16.38
1592289187, 0, 1, 131, 130, 23, 0.32%, 16, 0, 2, 16.46
1592289218, 0, 1, 132, 131, 23, 0.32%, 16, 0, 2, 16.82
1592289489, 0, 1, 133, 132, 23, 0.32%, 16, 0, 2, 18.20
1592289494, 0, 1, 134, 133, 23, 0.32%, 16, 0, 2, 18.35
1592289500, 0, 1, 135, 134, 23, 0.32%, 16, 0, 2, 18.67
1592289505, 0, 1, 136, 135, 23, 0.32%, 16, 0, 2, 18.89
1592289510, 0, 1, 137, 136, 23, 0.32%, 16, 0, 2, 18.63
1592289525, 0, 1, 139, 138, 23, 0.32%, 17, 0, 2, 16.08
1592289530, 0, 1, 140, 139, 23, 0.32%, 17, 0, 2, 16.65
1592289540, 0, 1, 140, 139, 23, 0.32%, 18, 0, 2, 16.48
1592289556, 0, 1, 140, 139, 23, 0.32%, 19, 0, 2, 16.89
1592289566, 0, 1, 141, 140, 23, 0.32%, 19, 0, 2, 16.46
1592289571, 0, 1, 142, 141, 23, 0.32%, 19, 0, 2, 16.38
1592289586, 0, 1, 143, 142, 23, 0.32%, 19, 0, 2, 16.61
1592289632, 0, 1, 144, 143, 23, 0.32%, 19, 0, 2, 14.16
1592289642, 0, 1, 145, 144, 23, 0.32%, 19, 0, 2, 14.15
1592289648, 0, 1, 145, 144, 23, 0.32%, 20, 0, 2, 15.10
1592289694, 0, 1, 146, 145, 23, 0.32%, 20, 0, 2, 15.34
1592289704, 0, 1, 146, 145, 23, 0.32%, 21, 0, 2, 12.74
1592289709, 0, 15, 146, 144, 27, 0.32%, 21, 0, 2, 13.28
1592289976, 0, 25, 146, 143, 27, 0.32%, 21, 0, 2, 7.05
